a = [52 ,30, 18; 20, 50, 30; 25, 20, 55]
a =

   52   30   18
   20   50   30
   25   20   55

b = [4800;5810;5690]
b =

   4800
   5810
   5690


x = inv(a) * b
x =

   32.850
   63.885
   65.292